
# of vtx
12

Mass Matrix
[[6480.    0.    0. ... 1080.    0.    0.]
 [   0. 6480.    0. ...    0. 1080.    0.]
 [   0.    0. 6480. ...    0.    0. 1080.]
 ...
 [1080.    0.    0. ... 4320.    0.    0.]
 [   0. 1080.    0. ...    0. 4320.    0.]
 [   0.    0. 1080. ...    0.    0. 4320.]]

Stiffness Matrix
[[ 1.33388561e+14  0.00000000e+00  0.00000000e+00 ...  0.00000000e+00
   1.09766332e+13 -9.62862564e+12]
 [ 0.00000000e+00  1.33388561e+14  0.00000000e+00 ...  1.79092437e+13
   0.00000000e+00  5.96974790e+12]
 [ 0.00000000e+00  0.00000000e+00  8.20358905e+13 ... -9.62862564e+12
   3.65887774e+12  0.00000000e+00]
 ...
 [ 0.00000000e+00  1.79092437e+13 -9.62862564e+12 ...  1.69207048e+14
  -5.77717539e+13  0.00000000e+00]
 [ 1.09766332e+13  0.00000000e+00  3.65887774e+12 ... -5.77717539e+13
   2.26978802e+14  0.00000000e+00]
 [-9.62862564e+12  5.96974790e+12  0.00000000e+00 ...  0.00000000e+00
   0.00000000e+00  1.17854378e+14]]

Eigen values
[-3.67556918e-05 -2.86061357e-05 -1.52631854e-05 -6.18953216e-06
  1.04326071e-05  2.27369933e-05  1.09907862e+09  1.32988948e+09
  1.35577253e+09  5.45890723e+09  1.39851317e+10  2.01263323e+10
  2.04621534e+10  2.49225416e+10  2.53182073e+10  3.28860466e+10
  3.72343955e+10  3.90819091e+10  3.95853341e+10  4.48137382e+10
  5.35710755e+10  5.58656396e+10  5.92868142e+10  5.93854696e+10
  6.03249920e+10  6.07067092e+10  6.45997900e+10  6.86944347e+10
  7.40275182e+10  8.39705102e+10  9.15583395e+10  9.86131695e+10
  1.10183197e+11  1.52474064e+11  1.57224560e+11  2.02148052e+11]

Omega
[           nan            nan            nan            nan
 3.22995465e-03 4.76833234e-03 3.31523546e+04 3.64676498e+04
 3.68208166e+04 7.38844180e+04 1.18258749e+05 1.41867305e+05
 1.43045983e+05 1.57868748e+05 1.59116961e+05 1.81345104e+05
 1.92962161e+05 1.97691449e+05 1.98960635e+05 2.11692556e+05
 2.31454262e+05 2.36359133e+05 2.43488838e+05 2.43691341e+05
 2.45611466e+05 2.46387315e+05 2.54164887e+05 2.62096232e+05
 2.72079985e+05 2.89776656e+05 3.02586086e+05 3.14027339e+05
 3.31938544e+05 3.90479275e+05 3.96515523e+05 4.49608776e+05]

Eigen vectors
[[-3.26593498e-05 -4.78095657e-04 -2.44745364e-03 ...  3.97701095e-03
  -2.33351898e-03  4.07800964e-04]
 [-1.51992973e-03 -2.46023193e-03  2.73915379e-03 ... -3.30954581e-03
   1.93677737e-03 -7.86124233e-04]
 [ 1.15478739e-04  1.91868237e-04  1.44871246e-03 ... -5.23718769e-07
  -1.08998954e-04 -1.27188189e-04]
 ...
 [ 5.29748697e-04  2.56004312e-03 -1.70636757e-03 ... -1.33502219e-03
   1.54925786e-17 -4.96360088e-03]
 [-2.37084679e-03  1.03922075e-03 -2.57804542e-03 ...  2.67119283e-03
  -2.98680453e-17  7.36236946e-03]
 [-7.19906101e-05 -8.20844690e-04  1.20168377e-03 ... -9.17207691e-18
  -9.08125152e-04 -6.76146695e-19]]
