
# of vtx
12

freq
[           nan            nan            nan 5.36644955e-06
 7.89831433e-06 1.09977818e-05 5.27636127e+01 5.80400690e+01
 5.86021514e+01 1.17590707e+02 1.88214654e+02 2.25788841e+02
 2.27664766e+02 2.51255929e+02 2.53242522e+02 2.88619711e+02
 3.07108834e+02 3.14635731e+02 3.16655702e+02 3.36919185e+02
 3.68370919e+02 3.76177263e+02 3.87524542e+02 3.87846836e+02
 3.90902809e+02 3.92137612e+02 4.04516004e+02 4.17139131e+02
 4.33028768e+02 4.61193896e+02 4.81580739e+02 4.99790059e+02
 5.28296628e+02 6.21467102e+02 6.31074088e+02 7.15574631e+02]
